    0.743145 -7.45058e-08     -0.66913  5.33776e-06
   -0.421097     0.777146    -0.467676 -1.71369e-05
    0.520012      0.62932     0.577532 -2.49898e-05
           0            0            0            1